1
America
1500 0.5 10
19.1333	28.1
19	27.2333
18.9333	26.6667
18.8333	26.0667
18.7	25.9333
18.6667	26.0667
18.7667	26.4333
18.9333	27.2
18.9333	27.7
18.7	27.6667
18.6333	27.6333
18.7333	27.5333
18.7667	27.3667
18.6333	27.3
18.4667	27.2667
18.3333	27.3333
18.6667	27.2
18.7333	27.1333
18.6	26.8667
18.5333	26.6667
18.5	26.4667
18.4	26.1667
18.2667	25.9
18.2667	25.7333
18.4	25.6333
18.3	25.5667
18.4	25.4667
18.2667	25.3
18.1	25.1667
18.0667	25
17.9667	24.9667
17.8667	24.8
17.7	24.6667
17.5333	24.6333
17.3667	24.4333
17.5333	24.3
17.6	24.1333
17.5333	24.0333
17.4	24.1
17.3667	24.2333
17.2333	24.2333
17.1	24.2333
16.9333	24.3667
17	24.2
17	23.9667
17.0667	23.8333
17.1667	23.7667
17.3667	23.8333
17.5333	23.7
17.3667	23.6
17.2333	23.5667
17.1333	23.6667
17	23.7
17.0333	23.5333
17	23.4
16.8667	23.5
16.7333	23.7
16.6333	23.4333
16.5	23.3667
16.7	23.2
16.7667	23.1333
16.6333	22.9667
16.5	22.9
16.4	23.0333
16.2	22.9
16.2667	22.8333
16.3667	22.8
16.3667	22.7333
16.6	22.8333
16.7667	22.9667
16.9333	23
16.8667	22.9
16.5	22.7333
16.2	22.5667
16.1667	22.7
15.9667	22.6
15.7	22.5333
15.5333	22.4667
15.6667	22.3333
15.8	22.2667
16	22.3667
15.4333	21.7333
15.2	21.5667
15.4667	21.6667
15.2	21.2667
15.0333	21.1
14.8	21.1333
14.6667	20.9333
14.8	20.7
14.9	20.9
15.1667	21
15	20.7667
14.8	20.5
14.5	20.7
14.5333	20.5333
14.5667	20.4333
14.4	20.3333
14.3333	20.1
14.4667	20.2667
14.6333	20.3667
14.7333	20.2667
14.6333	20.1667
14.4667	20.0333
14.3	19.8333
14.0333	19.8667
14	19.7667
13.8	19.7667
13.6333	19.9
13.7333	20.1667
13.8	20.4
13.9	20.7
14.0667	20.9667
14.1333	21.1667
14.1333	21.3667
14.0333	21.5333
13.8	21.6333
13.6	21.7
13.3667	21.7667
13.2667	21.9
13.0667	21.8333
13	21.8
12.7333	21.7333
12.5333	21.7667
12.5	22
12.3333	22.2
12.0667	22.4333
11.9333	22.5
11.7667	22.5
11.6	22.7667
11.3333	22.9667
11.1	23.1667
10.8667	23.4333
10.7	23.6333
10.5333	23.7667
10.3667	23.9
10.4	23.9667
10.4667	23.9333
10.5	24.1
10.5333	24.2333
10.6	24.3
10.5	24.4
10.6	24.5333
10.6667	24.5667
10.5	24.7
10.3333	24.8
10.2667	24.9667
10.4	25.1
10.5	25.2333
10.6	25.3667
10.4333	25.3667
10.2333	25.2
10.0333	25
9.93333	24.8667
10.1333	24.7
10.2333	24.5333
10.2333	24.4333
10.1333	24.4333
10	24.4333
10.1	24.3
10.2	24.2667
10.1667	24.1667
10.2	24.0333
10.1	23.9
10.2	23.7
10.3	23.5667
10.4667	23.2667
10.5667	23.0333
10.8	22.7667
11	22.5667
11	22.3
11.1333	22.1667
11.2	21.8667
11.1	21.4667
11.1333	21.2333
11.1333	20.9667
11.2	20.6667
11.4	20.4333
11.5333	20.2333
11.6	20
11.6667	19.7667
11.8333	19.4333
12.0333	19.1667
12.2333	18.9667
11.9667	19.0333
12.1333	18.8333
12.3667	18.7667
12.6	18.6333
12.8667	18.6333
12.9667	18.4
12.9667	18.1333
12.9667	17.9333
12.6667	17.9667
12.5333	17.9333
12.6	17.7333
12.6333	17.6333
12.4333	17.7333
12.3333	17.6333
12.6	17.5333
12.8	17.4333
12.7	17.3
12.5333	17.2667
12.3333	17.2333
12.1	17.1667
11.8	17.2
12.2667	17.1333
12.3333	17.1
12.2333	17.0333
12.1333	16.9667
12.2333	16.9667
12.3333	17.0333
12.4333	17.0667
12.5333	17.1333
12.6333	17.1667
12.8	17.1
12.8667	16.9
12.9333	17.1
12.9667	17.3
12.9	17.3333
12.9333	17.4
12.9333	17.5333
12.9667	17.6667
13	17.8667
13.0333	17.5667
13.0333	17.3667
13	17.2333
13.0667	17.1
13.0667	16.8333
13.1	16.5667
13.1	16.2333
12.9667	16.3333
12.9667	16.2333
13.1	16.1333
13.0333	15.8333
12.9667	16
12.9	16.1667
12.8333	16.2
12.8333	16.1
12.8667	15.9667
12.6	16.1
12.6333	15.9333
12.8	15.7
12.6	15.7333
12.4333	15.8
12.3	15.8333
12.2333	16.0667
12.2667	15.7667
12.5	15.7333
12.6333	15.6
12.6	15.4333
12.6333	15.3
12.7333	15.4333
12.8667	15.3
12.2	14.3333
12.2	14.6
12.3667	14.8
12.3	14.7667
11.9333	14.5333
11.7333	13.9667
11.5333	13.5
11.5	13.5667
11.4	13.5
11.3	13.5333
11.3667	13.3
11.2333	13.4
11.1333	12.9333
11.0667	12.9667
10.7333	12.6
10.7333	12.2667
10.6333	12.1
10.5333	11.9
10.7	11.8667
10.3333	11.4333
10.1	11.0667
10.1333	11.2333
10.0333	11.1667
10.0333	10.9667
10.0667	10.9
9.93333	10.7
9.83333	10.7667
9.76667	10.7
9.7	10.5
9.6	10.4
9.7	10.3333
9.63333	10.3
9.43333	10
9.2	9.9
9.16667	10.0333
9.13333	9.76667
9.06667	9.56667
9.2	9.43333
9.13333	9.2
9.03333	9.06667
8.96667	9.23333
8.96667	9.36667
8.8	9.23333
8.76667	9.1
8.86667	9.03333
8.9	8.96667
8.76667	8.96667
8.63333	8.93333
8.53333	8.83333
8.56667	9.06667
8.63333	9.23333
8.73333	9.46667
8.46667	9.06667
8.43333	8.96667
8.46667	8.8
8.33333	8.7
8.3	8.6
8.36667	8.5
8.33333	8.4
8.36667	8.3
8.36667	8.2
8.26667	8.23333
8.13333	8.23333
8.03333	8.13333
7.93333	7.96667
7.8	7.73333
7.73333	7.46667
7.63333	7.2
7.6	6.93333
7.63333	6.8
7.56667	6.6
7.53333	6.33333
7.43333	6.13333
7.3	6.23333
7.2	6.5
7.16667	6.73333
7.1	6.86667
7.16667	7
7.1	7.23333
7.23333	7.33333
7.1	7.46667
7.26667	7.53333
7.26667	7.7
7.2	7.7
7.16667	7.76667
7.23333	7.9
7.33333	7.96667
7.3	8.06667
7.4	8.1
7.5	8.13333
7.46667	8.2
7.4	8.26667
7.5	8.36667
7.56667	8.36667
7.53333	8.43333
7.46667	8.43333
7.4	8.4
7.36667	8.43333
7.4	8.56667
7.5	8.7
7.6	8.7
7.6	8.8
7.73333	8.86667
7.83333	8.9
7.83333	9.1
7.76667	9
7.6	8.93333
7.46667	8.9
7.5	9.03333
7.53333	9.1
7.56667	9.2
7.63333	9.33333
7.86667	9.33333
8.06667	9.4
8.2	9.46667
8.03333	9.43333
7.8	9.4
7.63333	9.43333
7.63333	9.53333
7.66667	9.6
7.83333	9.56667
7.9	9.6
7.83333	9.66667
7.7	9.76667
7.83333	9.86667
7.86667	9.93333
7.9	9.86667
7.9	9.8
8	9.73333
8.06667	9.83333
8.23333	10
8.1	10
8.06667	9.93333
8	10
7.9	10.1
8	10.1333
8.1	10.2
8.23333	10.2
8.36667	10.2
8.4	10.2667
8.26667	10.3333
8.2	10.3333
8.26667	10.4667
8.33333	10.6
8.46667	10.6667
8.6	10.5667
8.7	10.6
8.6	10.7
8.46667	10.7667
8.36667	10.8
8.43333	10.8667
8.5	10.8333
8.56667	10.9
8.7	10.8667
8.66667	10.9667
8.56667	11.0667
8.46667	11.1333
8.43333	11.2333
8.53333	11.3333
8.66667	11.3333
8.7	11.2667
8.66667	11.2
8.73333	11.1333
8.8	11
8.83333	10.9
8.86667	11.1667
8.93333	11.1333
9	11.2
9.06667	11.1
9.1	11.2667
9.03333	11.3333
9.03333	11.4
9.06667	11.4667
9.13333	11.4667
9.26667	11.6
9.36667	11.7333
9.26667	11.7333
9.23333	11.6667
9.2	11.7333
9.23333	11.8
9.26667	11.8333
9.2	11.9667
9.33333	12.0333
9.13333	12.0667
9	12.1
8.9	12
8.83333	12.0667
8.93333	12.1
8.96667	12.2
9.03333	12.3
9.16667	12.2333
9.26667	12.3
9.36667	12.3
9.46667	12.3667
9.5	12.4667
9.46667	12.5333
9.36667	12.4667
9.23333	12.4667
9.13333	12.6
9.06667	12.6333
8.93333	12.5667
8.83333	12.6667
8.76667	12.5667
8.66667	12.6
8.6	12.5333
8.46667	12.4667
8.4	12.5333
8.36667	12.3333
8.3	12.3
8.23333	12.2667
8.16667	12.3333
8.13333	12.3
8.2	12.2333
8.13333	12.2
8	12.3
7.93333	12.4
8	12.4667
8.03333	12.4333
8.16667	12.5
8.13333	12.5667
8.16667	12.6667
8.23333	12.7667
8.2	12.8
8.1	12.7333
8.06667	12.6333
8.03333	12.6
7.96667	12.6333
8	12.7333
8.13333	12.8667
8.16667	13
8.13333	13.0667
8.2	13.1
8.3	13.0667
8.26667	13
8.33333	13
8.4	13
8.4	13.1
8.5	13.1333
8.53333	13.2
8.6	13.2333
8.66667	13.3
8.76667	13.3667
8.73333	13.4667
8.83333	13.4667
8.76667	13.5
8.66667	13.4667
8.63333	13.4333
8.56667	13.3333
8.5	13.3
8.4	13.3
8.33333	13.3333
8.23333	13.3
8.2	13.2667
8.13333	13.3667
8.2	13.4667
8.23333	13.5333
8.2	13.5667
8.3	13.6333
8.36667	13.5667
8.36667	13.6667
8.4	13.8
8.5	13.8
8.6	13.8
8.7	13.8667
8.83333	13.9333
8.73333	14
8.6	13.9667
8.56667	13.9
8.5	14
8.3	13.9
8.23333	14
8.16667	13.8667
8.1	14.0667
8	13.9333
7.86667	13.9333
7.8	13.8333
7.7	13.8333
7.66667	13.9333
7.76667	14.0667
7.73333	14.1667
7.86667	14.2333
8.03333	14.2667
8.16667	14.3
8.3	14.3667
8.46667	14.4333
8.43333	14.5333
8.3	14.5
8.3	14.6
8.4	14.6667
8.36667	14.7667
8.26667	14.7333
8.23333	14.7
8.2	14.7667
8.06667	14.5333
7.96667	14.7667
8	15
8.1	15.2
8.26667	15.3667
8.2	15.4667
8	15.4
7.83333	15.1667
7.76667	14.9667
7.73333	14.7333
7.76667	14.6667
7.66667	14.6
7.63333	14.7
7.56667	14.8667
7.43333	15
7.36667	15.1667
7.53333	15.2333
7.66667	15.3667
7.63333	15.5333
7.5	15.6667
7.4	15.6667
7.36667	15.5667
7.4	15.4667
7.3	15.2667
7.13333	15.1333
7.26667	15.0333
7.23333	14.9
7.2	14.7333
7.1	14.7
7.23333	14.5
7	14.7
6.83333	14.8333
6.93333	14.9333
6.86667	15.0667
6.73333	15.1333
6.66667	15.0667
6.73333	15
6.63333	14.9
6.56667	15
6.6	15.1333
6.56667	15.2333
6.43333	15.2667
6.3	15.3
6.4	15.3667
6.46667	15.3
6.53333	15.3667
6.33333	15.5667
6.23333	15.7333
6.16667	15.7
6.06667	15.6667
6.1	15.5667
6.13333	15.5
6.13333	15.4
6.13333	15.2667
6.2	15.1667
6.06667	15.2667
6.06667	15.4333
6	15.5667
5.86667	15.7
5.8	15.8333
5.7	16.0333
5.66667	16.1667
5.56667	16.3
5.5	16.4667
5.56667	16.6
5.66667	16.6667
5.8	16.6333
5.73333	16.5
5.8	16.3667
5.86667	16.3
5.86667	16.5333
5.96667	16.6333
6.03333	16.7667
6.16667	16.8
6.2	16.9
6.33333	16.8
6.5	16.8
6.63333	16.7667
6.63333	16.8333
6.7	16.9333
6.56667	16.9
6.36667	16.9
6.3	16.9667
6.4	17.0333
6.5	17.1333
6.43333	17.2667
6.36667	17.1
6.26667	17.0667
6.3	17.1667
6.33333	17.2667
6.2	17.1667
6.2	17.2333
6.13333	17.1333
6.16667	17.0667
6.1	17
6.03333	17.1
6.06667	17.2
6.1	17.3333
6	17.3
6	17.1667
6	16.9667
5.93333	17.1667
5.86667	17
5.8	17.1
5.73333	17.2
5.8	17.2667
5.83333	17.2333
5.93333	17.3333
5.9	17.4
5.93333	17.5
6.03333	17.5667
6.13333	17.5667
6.13333	17.5
6.23333	17.4333
6.43333	17.5333
6.53333	17.6
6.5	17.4333
6.43333	17.4
6.56667	17.3333
6.66667	17.3667
6.86667	17.2
6.96667	17.2333
7.13333	17.2333
7.2	17.1333
7.36667	17.1
7.5	17.2
7.63333	17.2667
7.66667	17.4333
7.56667	17.5
7.53333	17.3667
7.43333	17.3
7.3	17.4
7.23333	17.2333
7.1	17.4333
6.9	17.5333
6.86667	17.6
6.76667	17.6333
6.66667	17.7
6.66667	17.8
6.7	17.8333
6.86667	17.8667
6.9	17.9667
6.73333	17.9667
6.63333	17.8667
6.5	17.9667
6.6	18.1
6.73333	18.1
6.9	18.2
6.8	18.2667
6.76667	18.3333
6.96667	18.3667
6.86667	18.4667
6.9	18.5333
6.8	18.6333
6.8	18.5
6.7	18.4333
6.66667	18.3667
6.6	18.2333
6.53333	18.3
6.46667	18.2
6.4	18.1
6.33333	17.9667
6.3	18.0667
6.33333	18.2333
6.26667	18.2
6.16667	18.1667
6.16667	18.3333
6.23333	18.3667
6.33333	18.3667
6.43333	18.3333
6.43333	18.4333
6.36667	18.5
6.3	18.5333
6.26667	18.6667
6.16667	18.7
6.06667	18.7
6.1	18.7667
6.03333	18.8
6.03333	18.8667
6	18.9667
5.86667	19
5.93333	18.8333
5.83333	18.7333
5.8	18.8
5.76667	18.7
5.7	18.6667
5.66667	18.5333
5.66667	18.3333
5.6	18.2333
5.6	18.1
5.56667	18.0667
5.5	18.0667
5.5	18.1667
5.43333	18.2
5.46667	18.3
5.53333	18.4
5.56667	18.5333
5.6	18.6667
5.66667	18.8
5.7	18.9333
5.76667	19.0667
5.86667	19.1333
5.96667	19.2667
6.06667	19.2
6.06667	19.1333
6.16667	19.1
6.23333	19.0333
6.3	18.9333
6.36667	18.8
6.43333	18.6667
6.46667	18.5667
6.5	18.5
6.7	18.6667
6.8	18.7667
6.9	18.8333
6.9	18.9333
6.83333	18.9667
6.8	18.8667
6.7	18.8
6.6	18.7333
6.5	18.8
6.43333	18.8667
6.43333	18.9667
6.43333	19.1
6.46667	19.2
6.43333	19.2333
6.6	19.3
6.66667	19.4333
6.66667	19.5333
6.8	19.5
6.86667	19.4333
6.93333	19.4
6.93333	19.5
7.06667	19.5667
6.93333	19.6333
6.96667	19.8
6.96667	19.9
6.9	19.7
6.83333	19.6333
6.63333	19.6667
6.53333	19.5667
6.43333	19.6
6.43333	19.7
6.4	19.7667
6.33333	19.8333
6.33333	19.9333
6.26667	19.9667
6.23333	20.0667
6.2	20.1667
6.36667	20.2
6.43333	20.2333
6.56667	20.2667
6.66667	20.3667
6.63333	20.5
6.66667	20.6667
6.6	20.7667
6.63333	20.8
6.73333	20.7667
6.8	20.6667
6.73333	20.8333
6.83333	20.9333
6.86667	21.1
6.9	21.2
6.8	21.2
6.66667	21.1333
6.73333	21.3
6.86667	21.4667
6.8	21.5333
6.7	21.4
6.6	21.4667
6.6	21.2667
6.5	21.1
6.43333	21.2
6.43333	21.2667
6.36667	21.2667
6.3	21.1667
6.4	21.1
6.43333	21
6.43333	20.9
6.36667	20.8667
6.33333	20.8667
6.3	21.0333
6.26667	21.1
6.23333	21.3
6.23333	21.4
6.2	21.4667
6.2	21.6333
6.1	21.5333
6.06667	21.6667
6.1	21.7667
6.2	21.9333
6.3	22.1
6.4	22.2333
6.46667	22.3333
6.53333	22.2333
6.6	22.2333
6.56667	22.3333
6.5	22.4
6.6	22.5
6.73333	22.5
6.7	22.6333
6.63333	22.7333
6.73333	22.8333
6.86667	22.8333
6.93333	22.7667
7.13333	22.8
7.06667	22.8667
6.93333	22.8667
7	23.0333
7.13333	23.1333
7.26667	23.1667
7.56667	23.3333
7.66667	23.5333
7.86667	23.6667
8	23.7667
8.1	23.7667
8.1	23.8333
8.16667	23.8667
8.2	23.8667
8.2	24
8.1	24.0333
8	23.9667
7.86667	23.9
7.76667	23.8333
7.73333	23.9333
7.76667	24.0667
7.8	24.1333
7.9	24.2667
7.96667	24.4
7.96667	24.5333
8.03333	24.6333
8.03333	24.7333
7.93333	24.6
7.8	24.5333
7.7	24.4333
7.63333	24.5
7.56667	24.5667
7.46667	24.5
7.36667	24.4667
7.23333	24.4
7.16667	24.3333
7.13333	24.2333
7.06667	24.1667
7	24.0333
7.13333	23.9667
7.13333	23.8333
7.03333	23.5333
6.9	23.4667
6.73333	23.3667
6.63333	23.2667
6.5	23.3333
6.4	23.3
6.56667	23.2
6.53333	23.1333
6.46667	23.0667
6.36667	23.0333
6.23333	23.1333
6.26667	23.2667
6.3	23.3667
6.36667	23.5
6.43333	23.5667
6.36667	23.6333
6.4	23.8
6.46667	23.9333
6.3	23.8667
6.23333	23.7667
6.16667	23.7333
6.3	23.6333
6.3	23.5333
6.23333	23.4667
6.16667	23.4333
6.16667	23.3667
6.2	23.3333
6.1	23.2333
6.06667	23.1333
6.13333	23.0667
6.16667	23
6.23333	22.9333
6.1	22.7667
6.1	22.7
6	22.6667
5.96667	22.7333
6	22.9
5.93333	23
5.93333	23.2
5.73333	23.3
5.53333	23.2667
5.4	23.2667
5.7	23.1667
5.73333	23
5.63333	22.9333
5.6	22.8667
5.73333	22.8
5.43333	22.8667
5.56667	22.7333
5.5	22.7
5.4	22.7667
5.3	22.9
5.3	22.8
5.2	22.8667
5.16667	22.7667
5.3	22.7
5.33333	22.6667
5.4	22.6333
5.3	22.5667
5.46667	22.4667
5.36667	22.4
5.33333	22.3667
5.26667	22.3
5.13333	22.3667
5.1	22.4667
5.13333	22.5667
5.06667	22.6
5.03333	22.7
4.96667	22.6667
4.9	22.7
4.86667	22.7667
4.83333	22.7
4.9	22.6
4.96667	22.5333
5.1	22.3333
5.2	22.1667
5.33333	22.1333
5.2	22
5.13333	21.9667
5.06667	21.9
5	22.0333
4.93333	22.0333
4.8	22
4.76667	22.1333
4.83333	22.2333
4.9	22.3333
4.9	22.4333
4.8	22.3
4.73333	22.2
4.66667	22.1667
4.6	22.2667
4.5	22.3667
4.36667	22.4333
4.3	22.5667
4.23333	22.4333
4.1	22.4333
4.36667	22.3333
4.36667	22.2333
4.4	22.1667
4.3	22.1333
4.26667	21.9667
4.2	21.8667
4.26667	21.8
4.3	21.9
4.33333	22
4.33333	22.0667
4.43333	22.1
4.53333	22.0667
4.6	22
4.56667	21.8667
4.6	21.7667
4.6	21.6667
4.43333	21.6
4.43333	21.5333
4.66667	21.6333
4.73333	21.5333
4.86667	21.6333
5.06667	21.4333
4.96667	21.3667
5.06667	21.3
5.16667	21.3667
5.13333	21.2
5.16667	21.0333
5.03333	21.0667
4.93333	21.0667
4.83333	21
4.73333	21.0667
4.6	21.1
4.53333	21.1667
4.6	21.0333
4.66667	20.9333
4.86667	20.8667
5	20.7667
5.26667	20.6667
5.26667	20.5667
5.13333	20.4
5.06667	20.4333
4.96667	20.3667
4.9	20.3333
4.76667	20.4667
4.6	20.6
4.5	20.7667
4.36667	20.9
4.26667	20.9667
4.13333	20.9667
4.3	20.8
4.26667	20.7
4.43333	20.6333
4.56667	20.4333
4.76667	20.3333
4.8	20.2
4.9	20.0667
4.86667	19.9333
4.83333	19.8
4.73333	19.9
4.63333	19.9333
4.5	20.0333
4.36667	20.1333
4.26667	20.2
4.16667	20.2
4.13333	20.1
4.2	20.0333
4.3	20.1
4.4	20.0333
4.4	19.9667
4.53333	19.9
4.6	19.7667
4.7	19.6667
4.66667	19.5333
4.53333	19.5
4.46667	19.6667
4.4	19.6
4.46667	19.5333
4.4	19.3333
4.33333	19.2
4.46667	19.1333
4.5	19.3
4.6	19.3333
4.66667	19.2667
4.63333	19.1
4.26667	18.7667
4.26667	18.5
4.43333	18.3667
4.43333	18.2667
4.4	18.1667
4.36667	18.0333
4.43333	17.7333
4.5	17.5
4.46667	17.3667
4.5	17.2
4.4	17.0667
4.46667	16.8667
4.56667	16.5667
4.73333	16.3
4.93333	16.0667
5.03333	15.9333
5.13333	15.8333
5.16667	15.7
5.1	15.5333
4.96667	15.4
5	15.1333
5.1	15.2333
5.16667	15.1333
5.2	15.1
5.06667	14.9333
5.13333	14.5333
5.26667	14.3
5.43333	14.0333
5.5	13.9667
5.4	13.5667
5.43333	13.2667
5.46667	13.1667
5.36667	13.2
5.26667	13.3333
5.13333	13.5
5	13.6667
4.9	13.7667
4.76667	13.9
4.56667	13.9333
4.5	14.0333
4.4	14.1667
4.3	14.2
4.33333	14.1
4.4	14
4.26667	13.9667
4.13333	14.3333
4.06667	14.4667
3.93333	14.5
3.86667	14.5667
3.5	14.6667
3.2	14.7333
2.96667	14.7333
2.9	14.7
2.46667	15
2.13333	15.1333
1.9	15.3333
1.73333	15.5667
1.63333	15.8667
1.56667	16.1667
1.43333	16.3667
1.46667	16.5667
1.43333	16.6667
1.3	16.5333
1.23333	16.4333
1.33333	16.4
1.23333	16.3
1.1	16.1667
1	16.1333
0.966667	16.2333
1.03333	16.3333
1.03333	16.4333
0.966667	16.4333
0.766667	16.4333
0.8	16.3667
0.9	16.3333
0.833333	16.2333
0.766667	16.0333
0.6	15.9
0.466667	15.8667
0.266667	15.8667
0.133333	16
0.0666667	16.1333
0.0333333	16.5
0.0666667	16.8
0.2	16.9667
0.233333	17.1
0.2	17.1667
0.366667	17.3
0.533333	17.4333
0.666667	17.6333
0.6	17.7667
0.466667	17.7333
0.433333	17.8333
0.533333	17.9333
0.366667	18
0.3	17.9
0.2	17.7667
0.2	17.5667
0.0666667	17.4333
0.1	17.3
-0.0666667	17.0667
-0.1	16.9
-0.233333	16.6667
-0.3	16.4333
-0.266667	16.1333
-0.2	15.8333
-0.0333333	15.6
0.3	15.6
0.633333	15.7
0.733333	15.8
1.06667	15.8333
1.3	16
1.46667	15.7667
1.4	15.5
1.3	15.3667
1.53333	15.0667
1.73333	14.9667
1.7	14.8333
1.8	14.5667
2.13333	14.3667
2.43333	14.2333
2.7	14.2333
3	14
3.13333	14.1
3.33333	14.1667
3.46667	14.0333
3.7	14.0667
3.8	13.9333
3.86667	13.7333
4.06667	13.5667
4.23333	13.3333
4.3	13.0667
4.66667	12.8667
4.93333	12.6667
5.26667	12.4667
5.56667	12.2667
5.8	12.1
5.83333	11.8667
5.8	11.6
5.66667	11.4
5.53333	11.2667
5.56667	11.2
5.5	11.1333
5.43333	11.0667
5.4	10.9
5.43333	10.5667
5.36667	10.4
5.23333	10.3
5.13333	10.2
5.26667	10.1333
5.2	10.0667
5.13333	10.1333
5.23333	10
5.16667	10
5.1	9.93333
4.93333	10.0333
4.7	10.1667
4.46667	10.3333
4.26667	10.2
4.06667	10.4667
3.93333	10.8333
3.73333	11.2667
3.43333	11.4333
3.23333	11.6333
3.16667	11.6
3.03333	11.8
2.86667	11.9333
2.8	12.1
2.73333	12.2667
2.5	12.4
2.36667	12.5333
2.3	12.6667
2.23333	12.8333
2.13333	12.9
2	12.8333
2.16667	12.7333
2.1	12.6333
2.33333	12.4
2.5	12.1667
2.7	11.9333
2.83333	11.7
2.93333	11.4667
3.03333	11.3333
3.23333	11.2667
3.33333	11.0667
3.56667	11
3.53333	10.8333
3.66667	10.7333
3.8	10.4333
3.83333	10.2333
3.9	10.1
4.1	10
4.33333	9.96667
4.53333	9.9
4.63333	9.9
4.66667	9.73333
5.4	9.46667
5.2	9.43333
5.26667	9.3
5.16667	9.36667
4.96667	9.36667
4.86667	9.33333
4.96667	9.23333
5.1	9.16667
5.26667	9.03333
5.4	8.9
5.56667	8.76667
5.66667	8.66667
5.7	8.5
5.76667	8.3
5.73333	8.1
5.6	8.13333
5.56667	8.13333
5.63333	8
5.4	8.03333
5.53333	7.93333
5.56667	7.76667
5.6	7.63333
5.43333	7.66667
5.4	7.76667
5.33333	7.86667
5.23333	7.93333
5.13333	7.93333
5.06667	7.83333
4.96667	7.76667
4.96667	7.7
4.9	7.56667
4.83333	7.4
4.76667	7.3
4.63333	7.36667
4.6	7.26667
4.56667	7.23333
4.36667	7.16667
4.23333	7.2
4	7.43333
4	7.6
3.73333	7.83333
3.46667	8.1
3.26667	8.4
3.26667	8.46667
3.13333	8.46667
3.03333	8.7
2.93333	8.76667
2.76667	9.1
2.6	9.26667
2.53333	9.33333
2.5	9.26667
2.46667	9.13333
2.66667	9
2.76667	8.8
2.86667	8.56667
3.06667	8.36667
3.26667	8.06667
3.43333	7.8
3.56667	7.6
3.7	7.53333
3.86667	7.4
4.06667	7.23333
4.26667	7.03333
4.4	6.93333
4.63333	6.96667
4.83333	6.76667
4.96667	6.63333
5.16667	6.46667
5.23333	6.3
5.43333	6.2
5.46667	5.96667
5.5	5.8
5.36667	5.46667
5.3	5.3
5.13333	5.36667
5.13333	5.6
5	5.33333
4.9	5.23333
4.73333	5.13333
4.6	5.06667
4.46667	5.23333
4.36667	5.46667
4.2	5.63333
4.03333	5.8
3.9	5.96667
3.76667	6.2
3.76667	6.03333
3.83333	5.93333
3.7	6.03333
3.56667	6.16667
3.43333	6.3
3.46667	6.5
3.53333	6.7
3.4	6.93333
3.1	7.03333
2.86667	7.06667
2.66667	7.06667
2.5	7.13333
2.36667	7.16667
2.2	7.26667
1.86667	7.26667
1.73333	7.3
1.6	7.26667
1.56667	7.2
1.83333	6.96667
1.93333	7
2.03333	7.03333
2.36667	7
2.43333	6.93333
2.36667	6.83333
2.46667	6.8
2.6	6.66667
2.83333	6.46667
3.06667	6.8
3.16667	6.7
3.1	6.63333
3.2	6.2
3.13333	5.86667
3.26667	5.66667
3.43333	5.6
3.63333	5.53333
3.76667	5.4
3.96667	5.2
4.16667	5.03333
4.26667	4.93333
4.36667	4.73333
4.46667	4.6
4.63333	4.6
4.9	4.53333
4.86667	4.66667
4.83333	4.76667
5.06667	4.9
5.2	5
5.43333	4.9
5.5	5
5.4	5.06667
6	4.83333
6.56667	4.6
6.8	4.66667
7.03333	4.73333
7.16667	4.5
7.3	4.03333
7.36667	3.76667
7.46667	3.36667
7.56667	3
7.63333	2.83333
7.46667	2.56667
7.43333	2.7
7.5	2.9
7.43333	3.03333
7.3	3.06667
7.3	2.96667
7.33333	2.86667
7.26667	2.8
7.26667	2.7
7.36667	2.83333
7.36667	2.73333
7.2	2.53333
7.1	2.3
7.13333	2.03333
7.3	1.9
7.53333	1.93333
7.66667	1.56667
7.53333	1.3
7.26667	1.3
7.2	1.4
7.2	1.6
7.1	1.66667
6.96667	1.6
6.86667	1.53333
6.93333	1.36667
6.93333	1.13333
7.06667	1
7.23333	0.9
7.23333	0.833333
7.06667	0.833333
7.33333	0.4
7.33333	0.666667
7.4	0.633333
7.43333	0.8
7.43333	0.9
7.56667	0.766667
7.43333	0.6
7.46667	0.466667
7.46667	0.333333
7.56667	0.166667
7.7	-0.0666667
7.83333	-0.366667
7.83333	-0.533333
7.9	-0.733333
8	-0.833333
8	-0.966667
8.13333	-1.4
8.16667	-1.56667
8.23333	-1.73333
8.1	-1.76667
7.93333	-1.66667
7.8	-1.5
7.83333	-1.23333
7.73333	-1.13333
7.7	-0.966667
7.6	-0.8
7.5	-0.633333
7.36667	-0.733333
7.3	-0.833333
7.36667	-0.966667
7.46667	-1.06667
7.3	-1.1
7.16667	-1
6.96667	-0.933333
6.86667	-0.766667
6.7	-0.6
6.53333	-0.5
6.4	-0.333333
6.3	-0.233333
6.23333	-0.166667
6.2	-0.3
6.13333	-0.433333
6.23333	-0.633333
6.2	-0.733333
6.4	-0.766667
6.53333	-0.833333
6.56667	-1
6.6	-1.13333
6.4	-1.3
6.16667	-1.33333
5.86667	-1.43333
5.7	-1.56667
5.26667	-1.6
4.73333	-1.66667
4.43333	-1.76667
4.26667	-2
4	-2.06667