1
Ukraine
358  0.4 50
12.5	-0.366667
11.95	-0.166667
11.45	0
11.3167	0.0333333
11.0167	0.116667
10.75	0.216667
10.45	0.316667
10.2	0.4
10	0.466667
9.98333	0.5
10.0667	0.6
10.0833	0.733333
10.05	0.933333
10.05	1.03333
10.1333	0.966667
10.1667	1.03333
10.0833	1.13333
10	1.21667
9.85	1.3
9.71667	1.31667
9.71667	1.23333
9.66667	1.23333
9.58333	1.15
9.51667	1.28333
9.41667	1.4
9.25	1.5
9.06667	1.53333
8.86667	1.6
8.75	1.7
8.65	1.83333
8.6	1.96667
8.58333	2.1
8.45	2.18333
8.4	2.16667
8.33333	2.23333
8.25	2.21667
8.15	2.2
7.91667	2.2
7.83333	2.16667
7.68333	2.28333
7.46667	2.33333
7.35	2.46667
7.31667	2.65
7.16667	2.8
6.96667	2.81667
6.78333	2.76667
6.75	2.68333
6.75	2.6
6.63333	2.5
6.48333	2.55
6.33333	2.5
6.21667	2.58333
6.11667	2.56667
6.05	2.53333
5.9	2.61667
5.85	2.65
5.71667	2.58333
5.66667	2.51667
5.58333	2.51667
5.63333	2.61667
5.56667	2.73333
5.55	2.86667
5.43333	2.9
5.45	3
5.51667	3
5.65	3.08333
5.7	3.2
5.95	3.28333
6.18333	3.41667
6.4	3.43333
6.58333	3.41667
6.83333	3.45
7.11667	3.46667
7.28333	3.48333
7.58333	3.55
7.78333	3.66667
7.95	3.78333
8.03333	3.98333
8.28333	3.98333
8.4	4.1
8.46667	4.15
8.3	4.33333
8.15	4.66667
8.06667	4.93333
7.93333	4.96667
7.8	4.86667
7.68333	4.68333
7.56667	4.66667
7.45	4.66667
7.58333	4.75
7.68333	4.81667
7.51667	4.83333
7.35	4.86667
7.28333	4.76667
7.18333	4.88333
7.18333	4.96667
7.05	4.95
6.96667	5.11667
6.55	5.26667
6.21667	5.4
5.81667	5.5
5.48333	5.55
5.15	5.46667
4.91667	5.36667
4.81667	5.18333
4.83333	5
5	4.81667
4.91667	4.8
4.76667	4.96667
4.56667	5.2
4.38333	5.4
4.18333	5.66667
3.85	5.93333
3.6	6.13333
3.33333	6.4
3.1	6.68333
3.08333	6.85
3.36667	6.48333
3.7	6.33333
4.11667	6.28333
4.51667	6.33333
4.85	6.35
5.11667	6.4
5.33333	6.45
5.81667	6.18333
6.26667	6.06667
6.63333	5.9
6.88333	5.9
7.43333	5.68333
7.88333	5.53333
8.31667	5.5
8.63333	5.66667
9.01667	5.63333
9.33333	5.63333
9.35	5.76667
9.51667	5.66667
9.56667	5.56667
9.43333	5.58333
9.68333	5.46667
9.86667	5.36667
10.1667	5.38333
10.4167	5.33333
10.6167	5.26667
10.8667	5.16667
11.25	5.11667
11.5167	5.15
11.6833	5.21667
11.8833	5.3
11.95	5.53333
11.8667	5.61667
11.7	5.55
11.5333	5.5
11.3167	5.41667
11.2	5.36667
11.15	5.28333
11.0833	5.33333
11.0333	5.28333
10.95	5.33333
10.8	5.41667
10.6667	5.48333
10.8333	5.53333
10.9833	5.6
11.1333	5.7
11.25	5.8
11.1	5.86667
10.9333	5.86667
10.7833	5.91667
10.75	6.03333
10.75	6.21667
10.6	6.26667
10.6333	6.35
10.7333	6.31667
10.8	6.33333
10.8833	6.46667
10.75	6.65
10.5833	6.81667
10.35	6.93333
10.15	6.86667
9.93333	6.76667
9.73333	6.71667
9.51667	6.63333
9.36667	6.51667
9.21667	6.46667
9.13333	6.61667
9.08333	6.86667
9.05	7.06667
8.9	7.21667
8.66667	7.3
8.43333	7.28333
8.16667	7.4
7.96667	7.58333
7.81667	7.75
7.68333	8.01667
7.6	8.26667
7.58333	8.53333
7.56667	8.76667
7.5	8.91667
7.35	9.06667
7.31667	9.18333
7.21667	9.25
7.31667	9.38333
7.3	9.5
7.26667	9.73333
7.21667	9.81667
7.36667	9.93333
7.43333	10.05
7.45	10.2667
7.43333	10.3833
7.43333	10.4833
7.61667	10.6
7.75	10.6667
7.8	10.8
7.73333	10.8
7.76667	10.8333
7.75	10.9167
7.61667	11.0333
7.4	10.8
7.15	10.6167
7.05	10.5333
7	10.3667
6.85	10.2667
6.71667	10.1
6.65	9.83333
6.6	9.6
6.68333	9.33333
6.8	9.15
6.98333	8.95
6.98333	8.7
6.98333	8.51667
6.88333	8.2
6.9	7.98333
6.91667	7.8
6.58333	7.56667
6.3	7.46667
6.08333	7.36667
5.93333	7.3
5.75	7.36667
5.58333	7.5
5.28333	7.53333
5.06667	7.61667
4.8	7.76667
4.45	7.85
4.16667	7.9
3.98333	7.81667
3.71667	7.56667
3.61667	7.36667
3.51667	7.25
3.31667	7.3
3.18333	7.43333
3.05	7.5
2.83333	7.56667
2.65	7.6
2.45	7.56667
2.28333	7.63333
2.45	7.66667
2.53333	7.7
2.65	7.66667
2.71667	7.65
2.78333	7.66667
2.78333	7.73333
2.68333	7.73333
2.6	7.73333
2.56667	7.71667
2.55	7.75
2.65	7.83333
2.81667	7.91667
2.96667	8.05
3.06667	8.16667
3.08333	8.31667
3.1	8.45
3.06667	8.51667
3.18333	8.6
3.26667	8.63333
3.33333	8.8
3.28333	9
3.38333	9.13333
3.45	9.23333
3.48333	9.31667
3.48333	9.5
3.46667	9.61667
3.6	9.71667
3.76667	9.81667
3.88333	9.91667
4.01667	10.0667
4.05	10.2
4	10.35
3.98333	10.4667
3.91667	10.6667
3.86667	10.7
3.88333	10.6
3.88333	10.5
3.88333	10.3833
3.9	10.2833
3.91667	10.1333
3.78333	10.0333
3.58333	9.9
3.43333	9.8
3.31667	9.76667
3.25	9.65
3.13333	9.66667
3.15	9.58333
3.23333	9.45
3.2	9.33333
3.21667	9.2
3.01667	9.06667
2.93333	9.3
2.83333	9.43333
2.68333	9.43333
2.55	9.5
2.45	9.5
2.4	9.63333
2.4	9.81667
2.41667	10.0167
2.36667	10.0667
2.31667	10.1333
2.21667	10.2
2.21667	10.1
2.31667	10.0667
2.35	9.95
2.35	9.76667
2.35	9.6
2.38333	9.46667
2.46667	9.4
2.56667	9.33333
2.66667	9.25
2.73333	9.16667
2.81667	9.06667
2.91667	8.96667
2.81667	8.85
2.86667	8.73333
2.86667	8.56667
2.8	8.48333
2.71667	8.4
2.61667	8.26667
2.53333	8.1
2.4	8.03333
2.28333	7.98333
2.18333	7.9
2.16667	7.7
2.11667	7.53333
2.05	7.51667
1.88333	7.6
1.76667	7.58333
1.65	7.53333
1.51667	7.4
1.48333	7.26667
1.33333	7.3
1.15	7.36667
0.95	7.41667
0.8	7.53333
0.683333	7.48333
0.616667	7.4
0.383333	7.45
0.216667	7.51667
0.0666667	7.58333
-0.0833333	7.63333
-0.266667	7.66667
-0.45	7.66667